 
Calling SDPT3 4.0: 505 variables, 202 equality constraints
   For improved efficiency, SDPT3 is solving the dual problem.
------------------------------------------------------------

 num. of constraints = 202
 dim. of socp   var  = 202,   num. of socp blk  =  2
 dim. of linear var  = 303
*******************************************************************
   SDPT3: Infeasible path-following algorithms
*******************************************************************
 version  predcorr  gam  expon  scale_data
    NT      1      0.000   1        0    
it pstep dstep pinfeas dinfeas  gap      prim-obj      dual-obj    cputime
-------------------------------------------------------------------
 0|0.000|0.000|2.3e+01|2.5e+02|9.2e+04| 1.165976e+01  0.000000e+00| 0:0:00| chol  1  1 
 1|0.967|0.320|7.6e-01|1.7e+02|3.0e+04| 2.218698e+01 -1.287395e+01| 0:0:00| chol  1  1 
 2|1.000|0.441|1.2e-05|9.4e+01|2.1e+04| 4.144214e+01 -9.345761e+00| 0:0:00| chol  1  1 
 3|1.000|0.915|2.9e-04|7.9e+00|1.8e+03| 4.018679e+01 -9.094349e-01| 0:0:00| chol  1  1 
 4|0.420|0.524|1.7e-04|3.8e+00|1.0e+03| 4.101236e+01 -4.764975e-01| 0:0:00| chol  1  1 
 5|0.903|0.648|2.0e-05|1.3e+00|4.2e+02| 3.961788e+01 -2.245845e-01| 0:0:00| chol  1  1 
 6|0.768|0.800|6.5e-06|2.7e-01|1.3e+02| 3.994102e+01 -1.084307e-01| 0:0:00| chol  1  1 
 7|1.000|0.689|1.7e-06|8.3e-02|5.7e+01| 3.337020e+01 -7.796404e-02| 0:0:00| chol  1  1 
 8|0.875|1.000|1.8e-06|1.2e-06|1.3e+01| 1.316086e+01 -6.506344e-02| 0:0:00| chol  1  1 
 9|0.972|1.000|5.2e-08|4.5e-07|3.7e-01| 3.048799e-01 -6.501553e-02| 0:0:00| chol  1  1 
10|0.903|1.000|5.1e-09|1.9e-08|1.4e-01| 7.267146e-02 -6.255855e-02| 0:0:01| chol  1  1 
11|0.675|1.000|1.6e-09|1.8e-09|7.3e-02| 4.190408e-02 -3.087625e-02| 0:0:01| chol  1  1 
12|0.446|0.288|9.1e-10|1.7e-09|5.8e-02| 3.763301e-02 -2.054413e-02| 0:0:01| chol  1  1 
13|0.754|1.000|2.3e-10|1.9e-10|2.7e-02| 2.500978e-02 -2.331818e-03| 0:0:01| chol  1  1 
14|0.686|0.859|7.1e-11|7.4e-11|1.1e-02| 1.757483e-02  6.268291e-03| 0:0:01| chol  1  1 
15|0.788|0.796|2.3e-11|2.9e-11|5.0e-03| 1.357305e-02  8.554147e-03| 0:0:01| chol  1  1 
16|0.900|1.000|1.5e-11|4.6e-12|4.8e-04| 1.135041e-02  1.086693e-02| 0:0:01| chol  2  2 
17|0.960|0.968|2.3e-11|3.1e-12|1.3e-04| 1.119984e-02  1.107290e-02| 0:0:01| chol  2  2 
18|0.929|1.000|7.4e-12|4.4e-12|2.4e-05| 1.115810e-02  1.113422e-02| 0:0:01| chol  2  2 
19|0.983|1.000|5.0e-12|1.5e-12|1.8e-06| 1.114834e-02  1.114651e-02| 0:0:01| chol  2  2 
20|0.909|0.945|3.3e-11|1.1e-12|4.1e-07| 1.114775e-02  1.114734e-02| 0:0:01| chol  2  2 
21|1.000|1.000|1.4e-10|1.5e-12|1.1e-07| 1.114762e-02  1.114751e-02| 0:0:01| chol  2  2 
22|0.578|1.000|1.4e-10|2.3e-12|3.2e-08| 1.114760e-02  1.114757e-02| 0:0:01| chol  2  2 
23|0.544|1.000|1.1e-10|3.4e-12|1.5e-08| 1.114759e-02  1.114758e-02| 0:0:01| chol  2  2 
24|0.536|1.000|4.4e-11|5.1e-12|7.9e-09| 1.114759e-02  1.114758e-02| 0:0:01|
  stop: max(relative gap, infeasibilities) < 1.49e-08
-------------------------------------------------------------------
 number of iterations   = 24
 primal objective value =  1.11475890e-02
 dual   objective value =  1.11475811e-02
 gap := trace(XZ)       = 7.88e-09
 relative gap           = 7.71e-09
 actual relative gap    = 7.71e-09
 rel. primal infeas (scaled problem)   = 4.41e-11
 rel. dual     "        "       "      = 5.11e-12
 rel. primal infeas (unscaled problem) = 0.00e+00
 rel. dual     "        "       "      = 0.00e+00
 norm(X), norm(y), norm(Z) = 1.2e+00, 2.5e-01, 4.6e-01
 norm(A), norm(b), norm(C) = 3.2e+01, 1.5e+01, 1.2e+00
 Total CPU time (secs)  = 1.31  
 CPU time per iteration = 0.05  
 termination code       =  0
 DIMACS: 3.2e-10  0.0e+00  5.4e-12  0.0e+00  7.7e-09  7.7e-09
-------------------------------------------------------------------
 
------------------------------------------------------------
Status: Solved
Optimal value (cvx_optval): +1.02036
 

ans =

    0.5000    0.0000    0.5000    0.8619    0.3906
    0.5000    0.0000    0.5000    0.3585    0.4447
    0.5000    0.0000    0.5000    0.1729    1.7928
    0.5000    0.0000    0.5000    0.9702    0.7992
    0.5000    0.0000    0.5000   -0.8505    3.0200
    0.5000    0.0000    0.5000    0.2580    0.8762
    0.5000    0.0000    0.5000    0.5999    1.1326
    0.5000    0.0000    0.5000    0.8679    1.2685
    0.5000    0.0000    0.5000    0.6103    0.8666
    0.5000    0.0000    0.5000    1.0272    0.4637
    1.0000    0.0000    0.0000    1.4192    0.6509
    0.5000    0.0000    0.5000    1.4736    3.5413
    1.0000    0.0000    0.0000    1.7652    1.6841
    0.5000    0.0000    0.5000    0.2360    1.4748
    0.5000    0.0000    0.5000    0.7036    1.8282
    0.5000    0.0000    0.5000    0.6349    0.7652
    0.5000    0.0000    0.5000    0.9454    0.6947
    0.5000    0.0000    0.5000    0.2219    0.6888
    1.0000    0.0000    0.0000    2.3428    1.2957
    0.5000    0.0000    0.5000    0.0690    0.3546
    0.5000    0.0000    0.5000    0.5509    0.2614
    0.5000    0.0000    0.5000    1.0028    1.0785
   12.1781   11.1781    0.0000    8.1715   67.8643
    1.0000    0.0000    0.0000    1.3019    0.3879
    1.0000    0.0000    0.0000    1.5831    1.0967
    1.0000    0.0000    0.0000    1.0687    0.6046
    0.5000    0.0000    0.5000    0.9238    0.4888
    0.5000    0.0000    0.5000    0.8042    1.1319
    0.5000    0.0000    0.5000    0.5337    1.3284
    0.5000    0.0000    0.5000    0.5932    0.5057
    0.5000    0.0000    0.5000    1.0309    0.3393
    0.5000    0.0000    0.5000    0.3212    0.8952
    0.5000    0.0000    0.5000    0.7385    1.4548
    0.5000    0.0000    0.5000    0.2311    1.4108
    1.0000    0.0000    0.0000    1.7839    1.6568
    0.5000    0.0000    0.5000    0.5663    0.7106
    0.5000    0.0000    0.5000    0.9361    0.7373
    0.5000    0.0000    0.5000    0.9337    1.0262
    0.5000    0.0000    0.5000    0.3961    0.2776
    0.5000    0.0000    0.5000    0.9372    1.2422
    0.5000    0.0000    0.5000    0.6937    0.2747
    1.0000    0.0000    0.0000    1.5804    1.4002
    1.0000    0.0000    0.0000    1.8569    0.3784
    0.5000    0.0000    0.5000    0.8031    0.6345
    0.5000    0.0000    0.5000    0.2569    0.7360
    0.5000    0.0000    0.5000   -0.4590    0.9885
    0.5000    0.0000    0.5000    0.4098    1.1439
    0.5000    0.0000    0.5000    0.8420    0.6397
    0.5000    0.0000    0.5000    0.3171    2.3503
    0.5000    0.0000    0.5000    0.5100    0.6050
    0.5000    0.0000    0.5000    0.9911    0.2817
    0.5000    0.0000    0.5000    0.7500    0.3297
    0.5000    0.0000    0.5000    0.4060    0.9413
    0.5000    0.0000    0.5000    0.8458    0.2342
    0.5000    0.0000    0.5000    0.9770    0.7124
    0.5000    0.0000    0.5000    0.5352    0.3569
    0.5000    0.0000    0.5000    0.0095    1.1478
    0.5000    0.0000    0.5000    0.5260    1.4605
    1.0000    0.0000    0.0000    1.7952    1.5698
    1.0000    0.0000    0.0000    2.1610    0.7206
    1.0000    0.0000    0.0000    1.4223    0.8747
    0.5000    0.0000    0.5000    0.6099    0.7039
    0.5000    0.0000    0.5000    0.8759    0.6248
    0.5000    0.0000    0.5000    0.8664    0.6044
    0.5000    0.0000    0.5000    0.8206    0.6717
    0.5000    0.0000    0.5000   -0.0913    0.8835
    0.9594    0.0000    0.0406    1.0695    0.3983
    0.5000    0.0000    0.5000    0.4025    1.2998
    0.5000    0.0000    0.5000    0.4724    0.4864
    0.5000    0.0000    0.5000    0.8862    0.5748
    0.5000    0.0000    0.5000    0.3377    0.5586
    0.5000    0.0000    0.5000    0.5860    1.4659
    0.5000    0.0000    0.5000    0.7274    1.9582
    0.5000    0.0000    0.5000    0.7801    1.3250
    0.5000    0.0000    0.5000    0.4639    0.2462
    0.5000    0.0000    0.5000    0.7555    1.5464
    0.5000    0.0000    0.5000    0.3720    0.4575
    1.0000    0.0000    0.0000    1.5039    1.5124
    0.5000    0.0000    0.5000    0.2637    0.8485
    0.5000    0.0000    0.5000    0.8782    1.0098
    0.5000    0.0000    0.5000    1.0973    2.9161
    1.0000    0.0000    0.0000    1.4097    1.5233
    0.5000    0.0000    0.5000    1.0853    1.0974
    0.5000    0.0000    0.5000    0.7321    0.4013
    0.5000    0.0000    0.5000    0.3560    0.4026
    0.5000    0.0000    0.5000    0.8320    1.1571
   21.4659   20.4659    0.0000    3.3500    1.5903
    0.5000    0.0000    0.5000    0.9491    0.6902
    0.5000    0.0000    0.5000    0.2887    1.4597
    0.5000    0.0000    0.5000    0.7355    0.4023
    0.5000    0.0000    0.5000    0.3413    0.4749
    0.5000    0.0000    0.5000    0.9492    1.5798
    0.5000    0.0000    0.5000    0.3746    0.4920
    0.5000    0.0000    0.5000    0.7751    0.4813
    0.5000    0.0000    0.5000    0.6587    0.6114
    9.5839    8.5839    0.0000    6.7304   60.9123
    0.5000    0.0000    0.5000    1.1301    0.9480
    0.5000    0.0000    0.5000   -0.3180    3.6460
    0.5000    0.0000    0.5000    1.2188    2.2771
    0.5000    0.0000    0.5000    0.4868    0.1845

>> 